t,<H_sys>,P_1,P_2
0,1.871760e-02,0,0
2000,1.871735e-02,3.014499e-13,7.740879e-06
4000,1.871625e-02,7.752462e-13,1.990592e-05
6000,1.871516e-02,1.389241e-12,3.564423e-05
8000,1.871406e-02,2.102206e-12,5.384244e-05
10000,1.871297e-02,2.885294e-12,7.366407e-05
12000,1.871186e-02,3.733762e-12,9.487945e-05
14000,1.871075e-02,4.669603e-12,1.179443e-04
16000,1.870964e-02,5.733212e-12,1.437959e-04
18000,1.870852e-02,6.967534e-12,1.734516e-04
20000,1.870739e-02,8.402589e-12,2.075765e-04
22000,1.870625e-02,1.004538e-11,2.461982e-04
24000,1.870512e-02,1.188118e-11,2.886858e-04
26000,1.870401e-02,1.388373e-11,3.339996e-04
28000,1.870292e-02,1.603207e-11,3.811086e-04
30000,1.870184e-02,1.832655e-11,4.294021e-04
32000,1.870079e-02,2.079682e-11,4.789276e-04
34000,1.869973e-02,2.350038e-11,5.303573e-04
36000,1.869866e-02,2.651049e-11,5.846986e-04
38000,1.869757e-02,2.990153e-11,6.428685e-04
40000,1.869647e-02,3.373424e-11,7.053062e-04
42000,1.869535e-02,3.805140e-11,7.717827e-04
44000,1.869422e-02,4.288369e-11,8.414866e-04
46000,1.869309e-02,4.826405e-11,9.133476e-04
48000,1.869197e-02,5.424561e-11,9.864656e-04
50000,1.869085e-02,6.091513e-11,1.060468e-03
52000,1.868975e-02,6.839861e-11,1.135648e-03
54000,1.868866e-02,7.685454e-11,1.212831e-03
56000,1.868759e-02,8.646039e-11,1.293021e-03
58000,1.868652e-02,9.739802e-11,1.376977e-03
60000,1.868546e-02,1.098426e-10,1.464895e-03
62000,1.868440e-02,1.239632e-10,1.556318e-03
64000,1.868333e-02,1.399321e-10,1.650320e-03
66000,1.868225e-02,1.579436e-10,1.745878e-03
68000,1.868117e-02,1.782301e-10,1.842281e-03
70000,1.868008e-02,2.010737e-10,1.939414e-03
72000,1.867900e-02,2.268083e-10,2.037789e-03
74000,1.867791e-02,2.558100e-10,2.138319e-03
76000,1.867683e-02,2.884832e-10,2.241935e-03
78000,1.867574e-02,3.252468e-10,2.349192e-03
80000,1.867465e-02,3.665290e-10,2.460034e-03
82000,1.867357e-02,4.127701e-10,2.573809e-03
84000,1.867249e-02,4.644361e-10,2.689533e-03
86000,1.867142e-02,5.220376e-10,2.806285e-03
88000,1.867036e-02,5.861451e-10,2.923575e-03
90000,1.866931e-02,6.573973e-10,3.041536e-03
92000,1.866826e-02,7.364991e-10,3.160857e-03
94000,1.866721e-02,8.242122e-10,3.282485e-03
96000,1.866616e-02,9.213405e-10,3.407229e-03
98000,1.866511e-02,1.028719e-09,3.535417e-03
100000,1.866407e-02,1.147214e-09,3.666758e-03
102000,1.866302e-02,1.277729e-09,3.800455e-03
104000,1.866197e-02,1.421219e-09,3.935524e-03
106000,1.866092e-02,1.578711e-09,4.071199e-03
108000,1.865986e-02,1.751318e-09,4.207228e-03
110000,1.865880e-02,1.940239e-09,4.343972e-03
112000,1.865774e-02,2.146759e-09,4.482242e-03
114000,1.865668e-02,2.372233e-09,4.622951e-03
116000,1.865562e-02,2.618078e-09,4.766737e-03
118000,1.865458e-02,2.885764e-09,4.913688e-03
120000,1.865354e-02,3.176816e-09,5.063303e-03
122000,1.865251e-02,3.492824e-09,5.214692e-03
124000,1.865149e-02,3.835466e-09,5.366937e-03
126000,1.865049e-02,4.206517e-09,5.519463e-03
128000,1.864949e-02,4.607862e-09,5.672262e-03
130000,1.864848e-02,5.041498e-09,5.825892e-03
132000,1.864747e-02,5.509522e-09,5.981233e-03
134000,1.864645e-02,6.014122e-09,6.139119e-03
136000,1.864541e-02,6.557567e-09,6.299987e-03
138000,1.864436e-02,7.142203e-09,6.463691e-03
140000,1.864331e-02,7.770460e-09,6.629555e-03
142000,1.864227e-02,8.444867e-09,6.796649e-03
144000,1.864125e-02,9.168067e-09,6.964162e-03
146000,1.864024e-02,9.942831e-09,7.131728e-03
148000,1.863924e-02,1.077207e-08,7.299568e-03
150000,1.863826e-02,1.165882e-08,7.468389e-03
152000,1.863728e-02,1.260624e-08,7.639085e-03
154000,1.863629e-02,1.361761e-08,7.812363e-03
156000,1.863530e-02,1.469629e-08,7.988445e-03
158000,1.863430e-02,1.584577e-08,8.166977e-03
160000,1.863330e-02,1.706963e-08,8.347170e-03
162000,1.863230e-02,1.837158e-08,8.528115e-03
164000,1.863129e-02,1.975550e-08,8.709154e-03
166000,1.863028e-02,2.122540e-08,8.890141e-03
168000,1.862928e-02,2.278547e-08,9.071490e-03
170000,1.862829e-02,2.444003e-08,9.254000e-03
172000,1.862731e-02,2.619355e-08,9.438514e-03
174000,1.862633e-02,2.805064e-08,9.625567e-03
176000,1.862535e-02,3.001602e-08,9.815166e-03
178000,1.862438e-02,3.209456e-08,1.000678e-02
180000,1.862340e-02,3.429124e-08,1.019955e-02
182000,1.862243e-02,3.661122e-08,1.039265e-02
184000,1.862146e-02,3.905983e-08,1.058562e-02
186000,1.862049e-02,4.164259e-08,1.077853e-02
188000,1.861953e-02,4.436516e-08,1.097196e-02
190000,1.861856e-02,4.723343e-08,1.116674e-02
192000,1.861759e-02,5.025340e-08,1.136362e-02
194000,1.861662e-02,5.343124e-08,1.156293e-02
196000,1.861565e-02,5.677327e-08,1.176447e-02
198000,1.861468e-02,6.028596e-08,1.196757e-02
200000,1.861371e-02,6.397594e-08,1.217136e-02
202000,1.861275e-02,6.785004e-08,1.237514e-02
204000,1.861180e-02,7.191528e-08,1.257864e-02
206000,1.861084e-02,7.617887e-08,1.278215e-02
208000,1.860989e-02,8.064823e-08,1.298636e-02
210000,1.860895e-02,8.533097e-08,1.319210e-02
212000,1.860800e-02,9.023486e-08,1.339996e-02
214000,1.860706e-02,9.536784e-08,1.361009e-02
216000,1.860612e-02,1.007380e-07,1.382207e-02
218000,1.860518e-02,1.063537e-07,1.403516e-02
220000,1.860425e-02,1.122234e-07,1.424852e-02
222000,1.860332e-02,1.183557e-07,1.446163e-02
224000,1.860238e-02,1.247597e-07,1.467442e-02
226000,1.860144e-02,1.314443e-07,1.488735e-02
228000,1.860049e-02,1.384190e-07,1.510119e-02
230000,1.859955e-02,1.456932e-07,1.531670e-02
232000,1.859860e-02,1.532768e-07,1.553430e-02
234000,1.859765e-02,1.611795e-07,1.575392e-02
236000,1.859671e-02,1.694115e-07,1.597499e-02
238000,1.859577e-02,1.779831e-07,1.619672e-02
240000,1.859485e-02,1.869047e-07,1.641837e-02
242000,1.859395e-02,1.961872e-07,1.663958e-02
244000,1.859305e-02,2.058414e-07,1.686051e-02
246000,1.859216e-02,2.158785e-07,1.708176e-02
248000,1.859126e-02,2.263100e-07,1.730412e-02
250000,1.859035e-02,2.371475e-07,1.752824e-02
252000,1.858943e-02,2.484028e-07,1.775436e-02
254000,1.858850e-02,2.600878e-07,1.798222e-02
256000,1.858756e-02,2.722148e-07,1.821113e-02
258000,1.858662e-02,2.847962e-07,1.844029e-02
260000,1.858569e-02,2.978447e-07,1.866911e-02
262000,1.858477e-02,3.113732e-07,1.889740e-02
264000,1.858386e-02,3.253947e-07,1.912551e-02
266000,1.858296e-02,3.399227e-07,1.935413e-02
268000,1.858207e-02,3.549708e-07,1.958402e-02
270000,1.858118e-02,3.705528e-07,1.981568e-02
272000,1.858029e-02,3.866827e-07,2.004917e-02
274000,1.857940e-02,4.033746e-07,2.028405e-02
276000,1.857851e-02,4.206431e-07,2.051960e-02
278000,1.857761e-02,4.385027e-07,2.075505e-02
280000,1.857671e-02,4.569685e-07,2.098998e-02
282000,1.857581e-02,4.760555e-07,2.122440e-02
284000,1.857491e-02,4.957792e-07,2.145880e-02
286000,1.857402e-02,5.161551e-07,2.169392e-02
288000,1.857312e-02,5.371992e-07,2.193042e-02
290000,1.857222e-02,5.589275e-07,2.216866e-02
292000,1.857132e-02,5.813563e-07,2.240848e-02
294000,1.857043e-02,6.045021e-07,2.264934e-02
296000,1.856954e-02,6.283816e-07,2.289047e-02
298000,1.856865e-02,6.530117e-07,2.313122e-02
300000,1.856777e-02,6.784098e-07,2.337134e-02
302000,1.856690e-02,7.045932e-07,2.361103e-02
304000,1.856602e-02,7.315796e-07,2.385089e-02
306000,1.856515e-02,7.593870e-07,2.409165e-02
308000,1.856428e-02,7.880336e-07,2.433388e-02
310000,1.856340e-02,8.175376e-07,2.457773e-02
312000,1.856252e-02,8.479178e-07,2.482290e-02
314000,1.856164e-02,8.791929e-07,2.506873e-02
316000,1.856076e-02,9.113819e-07,2.531449e-02
318000,1.855989e-02,9.445041e-07,2.555967e-02
320000,1.855901e-02,9.785791e-07,2.580419e-02
322000,1.855813e-02,1.013627e-06,2.604842e-02
324000,1.855726e-02,1.049667e-06,2.629302e-02
326000,1.855638e-02,1.086720e-06,2.653869e-02
328000,1.855550e-02,1.124806e-06,2.678582e-02
330000,1.855463e-02,1.163946e-06,2.703441e-02
332000,1.855376e-02,1.204160e-06,2.728399e-02
334000,1.855290e-02,1.245471e-06,2.753386e-02
336000,1.855205e-02,1.287899e-06,2.778338e-02
338000,1.855120e-02,1.331466e-06,2.803218e-02
340000,1.855035e-02,1.376193e-06,2.828036e-02
342000,1.854949e-02,1.422103e-06,2.852843e-02
344000,1.854864e-02,1.469218e-06,2.877709e-02
346000,1.854777e-02,1.517561e-06,2.902693e-02
348000,1.854690e-02,1.567154e-06,2.927820e-02
350000,1.854603e-02,1.618020e-06,2.953070e-02
352000,1.854515e-02,1.670182e-06,2.978386e-02
354000,1.854428e-02,1.723664e-06,3.003698e-02
356000,1.854342e-02,1.778489e-06,3.028950e-02
358000,1.854256e-02,1.834682e-06,3.054124e-02
360000,1.854172e-02,1.892265e-06,3.079247e-02
362000,1.854089e-02,1.951264e-06,3.104378e-02
364000,1.854005e-02,2.011703e-06,3.129585e-02
366000,1.853921e-02,2.073607e-06,3.154916e-02
368000,1.853837e-02,2.137000e-06,3.180379e-02
370000,1.853751e-02,2.201908e-06,3.205940e-02
372000,1.853666e-02,2.268356e-06,3.231534e-02
374000,1.853580e-02,2.336369e-06,3.257095e-02
376000,1.853494e-02,2.405974e-06,3.282581e-02
378000,1.853409e-02,2.477196e-06,3.307990e-02
380000,1.853324e-02,2.550062e-06,3.333364e-02
382000,1.853239e-02,2.624598e-06,3.358765e-02
384000,1.853154e-02,2.700830e-06,3.384257e-02
386000,1.853070e-02,2.778786e-06,3.409871e-02
388000,1.852986e-02,2.858492e-06,3.435601e-02
390000,1.852903e-02,2.939976e-06,3.461399e-02
392000,1.852819e-02,3.023264e-06,3.487198e-02
394000,1.852735e-02,3.108386e-06,3.512941e-02
396000,1.852652e-02,3.195368e-06,3.538600e-02
398000,1.852568e-02,3.284238e-06,3.564191e-02
400000,1.852485e-02,3.375026e-06,3.589764e-02
402000,1.852401e-02,3.467758e-06,3.615385e-02
404000,1.852317e-02,3.562464e-06,3.641105e-02
406000,1.852233e-02,3.659173e-06,3.666943e-02
408000,1.852149e-02,3.757914e-06,3.692874e-02
410000,1.852065e-02,3.858715e-06,3.718843e-02
412000,1.851980e-02,3.961607e-06,3.744784e-02
414000,1.851897e-02,4.066618e-06,3.770650e-02
416000,1.851813e-02,4.173779e-06,3.796431e-02
418000,1.851731e-02,4.283119e-06,3.822157e-02
420000,1.851648e-02,4.394669e-06,3.847885e-02
422000,1.851565e-02,4.508459e-06,3.873677e-02
424000,1.851483e-02,4.624519e-06,3.899572e-02
426000,1.851400e-02,4.742880e-06,3.925573e-02
428000,1.851317e-02,4.863573e-06,3.951642e-02
430000,1.851235e-02,4.986629e-06,3.977719e-02
432000,1.851152e-02,5.112078e-06,4.003744e-02
434000,1.851070e-02,5.239953e-06,4.029683e-02
436000,1.850988e-02,5.370285e-06,4.055542e-02
438000,1.850905e-02,5.503106e-06,4.081362e-02
440000,1.850822e-02,5.638447e-06,4.107204e-02
442000,1.850739e-02,5.776340e-06,4.133123e-02
444000,1.850655e-02,5.916818e-06,4.159145e-02
446000,1.850572e-02,6.059913e-06,4.185255e-02
448000,1.850489e-02,6.205658e-06,4.211405e-02
450000,1.850406e-02,6.354084e-06,4.237534e-02
452000,1.850325e-02,6.505226e-06,4.263592e-02
454000,1.850244e-02,6.659115e-06,4.289558e-02
456000,1.850163e-02,6.815785e-06,4.315454e-02
458000,1.850083e-02,6.975270e-06,4.341330e-02
460000,1.850002e-02,7.137602e-06,4.367247e-02
462000,1.849920e-02,7.302816e-06,4.393250e-02
464000,1.849838e-02,7.470944e-06,4.419348e-02
466000,1.849755e-02,7.642021e-06,4.445514e-02
468000,1.849672e-02,7.816082e-06,4.471694e-02
470000,1.849589e-02,7.993159e-06,4.497828e-02
472000,1.849507e-02,8.173287e-06,4.523875e-02
474000,1.849425e-02,8.356500e-06,4.549833e-02
476000,1.849343e-02,8.542834e-06,4.575734e-02
478000,1.849263e-02,8.732323e-06,4.601635e-02
480000,1.849182e-02,8.925001e-06,4.627590e-02
482000,1.849102e-02,9.120903e-06,4.653633e-02
484000,1.849021e-02,9.320065e-06,4.679760e-02
486000,1.848940e-02,9.522522e-06,4.705932e-02
488000,1.848859e-02,9.728309e-06,4.732091e-02
490000,1.848778e-02,9.937461e-06,4.758183e-02
492000,1.848697e-02,1.015001e-05,4.784182e-02
494000,1.848616e-02,1.036600e-05,4.810099e-02
496000,1.848535e-02,1.058546e-05,4.835977e-02
498000,1.848454e-02,1.080843e-05,4.861873e-02
500000,1.848372e-02,1.103495e-05,4.887834e-02
502000,1.848291e-02,1.126504e-05,4.913881e-02
504000,1.848210e-02,1.149875e-05,4.939994e-02
506000,1.848129e-02,1.173612e-05,4.966126e-02
508000,1.848048e-02,1.197717e-05,4.992220e-02
510000,1.847968e-02,1.222195e-05,5.018232e-02
512000,1.847888e-02,1.247049e-05,5.044150e-02
514000,1.847808e-02,1.272282e-05,5.069997e-02
516000,1.847728e-02,1.297900e-05,5.095824e-02
518000,1.847648e-02,1.323905e-05,5.121685e-02
520000,1.847568e-02,1.350300e-05,5.147618e-02
522000,1.847488e-02,1.377090e-05,5.173629e-02
524000,1.847408e-02,1.404279e-05,5.199687e-02
526000,1.847327e-02,1.431870e-05,5.225738e-02
528000,1.847247e-02,1.459866e-05,5.251731e-02
530000,1.847166e-02,1.488272e-05,5.277631e-02
532000,1.847086e-02,1.517092e-05,5.303442e-02
534000,1.847006e-02,1.546328e-05,5.329197e-02
536000,1.846926e-02,1.575985e-05,5.354950e-02
538000,1.846846e-02,1.606067e-05,5.380750e-02
540000,1.846766e-02,1.636577e-05,5.406624e-02
542000,1.846686e-02,1.667519e-05,5.432562e-02
544000,1.846606e-02,1.698897e-05,5.458524e-02
546000,1.846527e-02,1.730715e-05,5.484456e-02
548000,1.846448e-02,1.762976e-05,5.510312e-02
550000,1.846369e-02,1.795685e-05,5.536071e-02
552000,1.846291e-02,1.828845e-05,5.561750e-02
554000,1.846212e-02,1.862460e-05,5.587392e-02
556000,1.846133e-02,1.896533e-05,5.613049e-02
558000,1.846053e-02,1.931069e-05,5.638763e-02
560000,1.845973e-02,1.966071e-05,5.664547e-02
562000,1.845892e-02,2.001544e-05,5.690379e-02
564000,1.845812e-02,2.037491e-05,5.716212e-02
566000,1.845732e-02,2.073916e-05,5.741992e-02
568000,1.845653e-02,2.110822e-05,5.767684e-02
570000,1.845574e-02,2.148214e-05,5.793281e-02
572000,1.845496e-02,2.186096e-05,5.818809e-02
574000,1.845419e-02,2.224471e-05,5.844318e-02
576000,1.845341e-02,2.263343e-05,5.869857e-02
578000,1.845263e-02,2.302717e-05,5.895458e-02
580000,1.845184e-02,2.342595e-05,5.921120e-02
582000,1.845105e-02,2.382982e-05,5.946812e-02
584000,1.845026e-02,2.423882e-05,5.972481e-02
586000,1.844947e-02,2.465299e-05,5.998081e-02
588000,1.844868e-02,2.507236e-05,6.023586e-02
590000,1.844789e-02,2.549697e-05,6.049002e-02
592000,1.844710e-02,2.592687e-05,6.074365e-02
594000,1.844631e-02,2.636208e-05,6.099726e-02
596000,1.844553e-02,2.680266e-05,6.125128e-02
598000,1.844475e-02,2.724864e-05,6.150592e-02
600000,1.844397e-02,2.770005e-05,6.176104e-02
602000,1.844319e-02,2.815694e-05,6.201624e-02
604000,1.844241e-02,2.861935e-05,6.227101e-02
606000,1.844164e-02,2.908731e-05,6.252495e-02
608000,1.844086e-02,2.956086e-05,6.277792e-02
610000,1.844009e-02,3.004005e-05,6.303010e-02
612000,1.843931e-02,3.052491e-05,6.328194e-02
614000,1.843853e-02,3.101548e-05,6.353391e-02
616000,1.843775e-02,3.151180e-05,6.378637e-02
618000,1.843697e-02,3.201390e-05,6.403940e-02
620000,1.843619e-02,3.252184e-05,6.429275e-02
622000,1.843540e-02,3.303564e-05,6.454596e-02
624000,1.843462e-02,3.355534e-05,6.479856e-02
626000,1.843385e-02,3.408099e-05,6.505024e-02
628000,1.843308e-02,3.461262e-05,6.530098e-02
630000,1.843230e-02,3.515027e-05,6.555108e-02
632000,1.843154e-02,3.569399e-05,6.580099e-02
634000,1.843077e-02,3.624380e-05,6.605117e-02
636000,1.843000e-02,3.679975e-05,6.630188e-02
638000,1.842923e-02,3.736188e-05,6.655305e-02
640000,1.842846e-02,3.793022e-05,6.680436e-02
642000,1.842769e-02,3.850481e-05,6.705533e-02
644000,1.842692e-02,3.908570e-05,6.730554e-02
646000,1.842615e-02,3.967292e-05,6.755478e-02
648000,1.842538e-02,4.026651e-05,6.780317e-02
650000,1.842462e-02,4.086651e-05,6.805108e-02
652000,1.842385e-02,4.147295e-05,6.829897e-02
654000,1.842307e-02,4.208589e-05,6.854723e-02
656000,1.842230e-02,4.270534e-05,6.879599e-02
658000,1.842153e-02,4.333136e-05,6.904508e-02
660000,1.842076e-02,4.396398e-05,6.929412e-02
662000,1.841999e-02,4.460323e-05,6.954262e-02
664000,1.841923e-02,4.524917e-05,6.979025e-02
666000,1.841848e-02,4.590182e-05,7.003693e-02
668000,1.841772e-02,4.656123e-05,7.028287e-02
670000,1.841697e-02,4.722742e-05,7.052849e-02
672000,1.841622e-02,4.790045e-05,7.077424e-02
674000,1.841546e-02,4.858035e-05,7.102042e-02
676000,1.841469e-02,4.926715e-05,7.126704e-02
678000,1.841393e-02,4.996090e-05,7.151385e-02
680000,1.841316e-02,5.066163e-05,7.176040e-02
682000,1.841239e-02,5.136938e-05,7.200626e-02
684000,1.841163e-02,5.208418e-05,7.225118e-02
686000,1.841087e-02,5.280609e-05,7.249520e-02
688000,1.841011e-02,5.353512e-05,7.273861e-02
690000,1.840936e-02,5.427133e-05,7.298187e-02
692000,1.840861e-02,5.501474e-05,7.322538e-02
694000,1.840786e-02,5.576540e-05,7.346932e-02
696000,1.840711e-02,5.652335e-05,7.371362e-02
698000,1.840636e-02,5.728861e-05,7.395792e-02
700000,1.840561e-02,5.806123e-05,7.420179e-02
702000,1.840486e-02,5.884125e-05,7.444484e-02
704000,1.840411e-02,5.962870e-05,7.468695e-02
706000,1.840335e-02,6.042361e-05,7.492824e-02
708000,1.840260e-02,6.122604e-05,7.516909e-02
710000,1.840185e-02,6.203600e-05,7.540993e-02
712000,1.840110e-02,6.285355e-05,7.565109e-02
714000,1.840035e-02,6.367871e-05,7.589266e-02
716000,1.839960e-02,6.451152e-05,7.613445e-02
718000,1.839885e-02,6.535203e-05,7.637607e-02
720000,1.839810e-02,6.620026e-05,7.661708e-02
722000,1.839736e-02,6.705625e-05,7.685721e-02
724000,1.839662e-02,6.792004e-05,7.709640e-02
726000,1.839588e-02,6.879167e-05,7.733491e-02
728000,1.839514e-02,6.967116e-05,7.757314e-02
730000,1.839440e-02,7.055857e-05,7.781148e-02
732000,1.839366e-02,7.145391e-05,7.805019e-02
734000,1.839292e-02,7.235724e-05,7.828924e-02
736000,1.839217e-02,7.326858e-05,7.852836e-02
738000,1.839143e-02,7.418797e-05,7.876713e-02
740000,1.839069e-02,7.511544e-05,7.900516e-02
742000,1.838995e-02,7.605104e-05,7.924227e-02
744000,1.838921e-02,7.699479e-05,7.947851e-02
746000,1.838847e-02,7.794673e-05,7.971421e-02
748000,1.838774e-02,7.890690e-05,7.994977e-02
750000,1.838700e-02,7.987533e-05,8.018556e-02
752000,1.838627e-02,8.085206e-05,8.042170e-02
754000,1.838553e-02,8.183712e-05,8.065808e-02
756000,1.838480e-02,8.283055e-05,8.089437e-02
758000,1.838407e-02,8.383238e-05,8.113013e-02
760000,1.838334e-02,8.484264e-05,8.136507e-02
762000,1.838261e-02,8.586137e-05,8.159908e-02
764000,1.838188e-02,8.688861e-05,8.183234e-02
766000,1.838116e-02,8.792439e-05,8.206520e-02
768000,1.838043e-02,8.896873e-05,8.229806e-02
770000,1.837970e-02,9.002169e-05,8.253122e-02
772000,1.837896e-02,9.108328e-05,8.276469e-02
774000,1.837823e-02,9.215355e-05,8.299827e-02
776000,1.837750e-02,9.323253e-05,8.323159e-02
778000,1.837677e-02,9.432024e-05,8.346425e-02
780000,1.837604e-02,9.541674e-05,8.369601e-02
782000,1.837532e-02,9.652204e-05,8.392689e-02
784000,1.837461e-02,9.763618e-05,8.415713e-02
786000,1.837389e-02,9.875919e-05,8.438713e-02
788000,1.837318e-02,9.989111e-05,8.461725e-02
790000,1.837246e-02,1.010320e-04,8.484768e-02
792000,1.837174e-02,1.021818e-04,8.507836e-02
794000,1.837102e-02,1.033406e-04,8.530901e-02
796000,1.837029e-02,1.045085e-04,8.553923e-02
798000,1.836957e-02,1.056855e-04,8.576869e-02
800000,1.836885e-02,1.068715e-04,8.599723e-02
802000,1.836813e-02,1.080667e-04,8.622497e-02
804000,1.836742e-02,1.092710e-04,8.645221e-02
806000,1.836670e-02,1.104846e-04,8.667934e-02
808000,1.836599e-02,1.117074e-04,8.690668e-02
810000,1.836528e-02,1.129394e-04,8.713430e-02
812000,1.836457e-02,1.141807e-04,8.736208e-02
814000,1.836386e-02,1.154314e-04,8.758967e-02
816000,1.836315e-02,1.166914e-04,8.781668e-02
818000,1.836244e-02,1.179608e-04,8.804286e-02
820000,1.836173e-02,1.192396e-04,8.826815e-02
822000,1.836103e-02,1.205278e-04,8.849273e-02
824000,1.836032e-02,1.218256e-04,8.871697e-02
826000,1.835962e-02,1.231328e-04,8.894122e-02
828000,1.835891e-02,1.244496e-04,8.916572e-02
830000,1.835820e-02,1.257759e-04,8.939047e-02
832000,1.835749e-02,1.271119e-04,8.961524e-02
834000,1.835678e-02,1.284575e-04,8.983966e-02
836000,1.835608e-02,1.298127e-04,9.006340e-02
838000,1.835538e-02,1.311776e-04,9.028626e-02
840000,1.835468e-02,1.325523e-04,9.050828e-02
842000,1.835398e-02,1.339366e-04,9.072973e-02
844000,1.835329e-02,1.353308e-04,9.095097e-02
846000,1.835259e-02,1.367348e-04,9.117231e-02
848000,1.835189e-02,1.381486e-04,9.139392e-02
850000,1.835120e-02,1.395723e-04,9.161569e-02
852000,1.835050e-02,1.410058e-04,9.183735e-02
854000,1.834981e-02,1.424493e-04,9.205852e-02
856000,1.834911e-02,1.439027e-04,9.227892e-02
858000,1.834842e-02,1.453661e-04,9.249843e-02
860000,1.834773e-02,1.468395e-04,9.271720e-02
862000,1.834704e-02,1.483230e-04,9.293553e-02
864000,1.834635e-02,1.498165e-04,9.315378e-02
866000,1.834565e-02,1.513201e-04,9.337220e-02
868000,1.834496e-02,1.528338e-04,9.359086e-02
870000,1.834427e-02,1.543576e-04,9.380957e-02
872000,1.834358e-02,1.558917e-04,9.402803e-02
874000,1.834289e-02,1.574359e-04,9.424588e-02
876000,1.834221e-02,1.589903e-04,9.446289e-02
878000,1.834153e-02,1.605550e-04,9.467905e-02
880000,1.834086e-02,1.621300e-04,9.489458e-02
882000,1.834018e-02,1.637153e-04,9.510981e-02
884000,1.833950e-02,1.653109e-04,9.532506e-02
886000,1.833882e-02,1.669169e-04,9.554052e-02
888000,1.833813e-02,1.685332e-04,9.575616e-02
890000,1.833745e-02,1.701600e-04,9.597175e-02
892000,1.833677e-02,1.717971e-04,9.618693e-02
894000,1.833608e-02,1.734448e-04,9.640141e-02
896000,1.833540e-02,1.751029e-04,9.661503e-02
898000,1.833473e-02,1.767716e-04,9.682786e-02
900000,1.833406e-02,1.784508e-04,9.704018e-02
902000,1.833339e-02,1.801405e-04,9.725232e-02
904000,1.833272e-02,1.818408e-04,9.746457e-02
906000,1.833205e-02,1.835518e-04,9.767703e-02
908000,1.833138e-02,1.852734e-04,9.788959e-02
910000,1.833071e-02,1.870056e-04,9.810197e-02
912000,1.833004e-02,1.887485e-04,9.831381e-02
914000,1.832937e-02,1.905021e-04,9.852488e-02
916000,1.832870e-02,1.922665e-04,9.873510e-02
918000,1.832804e-02,1.940416e-04,9.894464e-02
920000,1.832737e-02,1.958275e-04,9.915378e-02
922000,1.832670e-02,1.976242e-04,9.936287e-02
924000,1.832604e-02,1.994317e-04,9.957211e-02
926000,1.832537e-02,2.012500e-04,9.978154e-02
928000,1.832471e-02,2.030793e-04,9.999095e-02
930000,1.832405e-02,2.049194e-04,1.002000e-01
932000,1.832339e-02,2.067704e-04,1.004085e-01
934000,1.832273e-02,2.086324e-04,1.006162e-01
936000,1.832208e-02,2.105053e-04,1.008230e-01
938000,1.832142e-02,2.123893e-04,1.010293e-01
940000,1.832077e-02,2.142842e-04,1.012353e-01
942000,1.832012e-02,2.161902e-04,1.014413e-01
944000,1.831946e-02,2.181072e-04,1.016475e-01
946000,1.831881e-02,2.200352e-04,1.018539e-01
948000,1.831815e-02,2.219744e-04,1.020601e-01
950000,1.831750e-02,2.239247e-04,1.022659e-01
952000,1.831685e-02,2.258861e-04,1.024709e-01
954000,1.831620e-02,2.278587e-04,1.026751e-01
956000,1.831555e-02,2.298424e-04,1.028786e-01
958000,1.831490e-02,2.318373e-04,1.030817e-01
960000,1.831425e-02,2.338435e-04,1.032846e-01
962000,1.831361e-02,2.358609e-04,1.034876e-01
964000,1.831296e-02,2.378895e-04,1.036908e-01
966000,1.831232e-02,2.399295e-04,1.038939e-01
968000,1.831168e-02,2.419807e-04,1.040969e-01
970000,1.831104e-02,2.440432e-04,1.042993e-01
972000,1.831040e-02,2.461171e-04,1.045009e-01
974000,1.830976e-02,2.482023e-04,1.047018e-01
976000,1.830912e-02,2.502989e-04,1.049020e-01
978000,1.830849e-02,2.524069e-04,1.051018e-01
980000,1.830785e-02,2.545263e-04,1.053017e-01
982000,1.830721e-02,2.566572e-04,1.055016e-01
984000,1.830657e-02,2.587995e-04,1.057017e-01
986000,1.830593e-02,2.609532e-04,1.059017e-01
988000,1.830530e-02,2.631185e-04,1.061014e-01
990000,1.830466e-02,2.652952e-04,1.063004e-01
992000,1.830403e-02,2.674835e-04,1.064986e-01
994000,1.830341e-02,2.696833e-04,1.066961e-01
996000,1.830278e-02,2.718946e-04,1.068930e-01
998000,1.830216e-02,2.741176e-04,1.070897e-01
1000000,1.830153e-02,2.763521e-04,1.072865e-01